13

3 3
1 8 3
4 5 6
9 2 7

3 3
1 8 3
4 5 6
7 2 9

3 3 
1 8 7
4 5 6
9 2 3

3 3 
1 2 3
4 5 6
7 8 9

3 3
3 8 1
4 5 6
7 2 9

6 6
1 2 3 4 5 6
7 8 9 10 11 12 
13 14 15 16 17 18 
19 20 21 22 23 24 
25 26 27 28 29 30
31 32 33 34 35 36

6 6
6 5 4 3 2 1
7 8 9 10 11 12 
13 14 15 16 17 18 
19 20 21 22 23 24 
25 26 27 28 29 30
31 32 33 34 35 36

6 6
6 5 4 3 2 1
12 11 10 9 8 7
18 17 16 15 14 13
19 20 21 22 23 24 
25 26 27 28 29 30
31 32 33 34 35 36

6 6
31 5 4 3 2 1
25 8 9 10 11 12 
19 17 16 15 14 13
18 20 21 22 23 24 
7 26 27 28 29 30
6 32 33 34 35 36

6 6
31 5 4 3 2 36
25 8 9 10 11 30 
19 17 16 15 14 24
18 20 21 22 23 13
7 26 27 28 29 12
6 32 33 34 35 1


6 6
31 32 4 3 2 36
25 26 9 10 11 30 
19 20 16 15 14 24
18 17 21 22 23 13
7 8 27 28 29 12
6 5 33 34 35 1

6 6
36 2 3 4 5 31
25 8 9 10 11 30 
19 17 16 15 14 24
18 20 21 22 23 13
7 26 27 28 29 12
6 32 33 34 35 1


6 6
36 2 3 4 5 31
25 8 9 10 11 30 
19 17 16 15 14 24
18 20 21 22 23 13
7 26 27 28 29 12
1 35 34 33 32 6
